header: 
  seq: 0
  stamp: 
    secs: 0
    nsecs:         0
  frame_id: ''
height: 1080
width: 1920
distortion_model: plumb_bob
D: [-0.5501059081813761, 0.2966767283743951, -0.0023435733415142997, -0.006247995342407663, 0.0]
K: [2014.3849591667652, 0.0, 1071.023814788809, 0.0, 2008.4462621158577, 569.8072637212885, 0.0, 0.0, 1.0]
R: [1.0, 0.0, 0.0, 0.0, 1.0, 0.0, 0.0, 0.0, 1.0]
P: [1725.1461181640625, 0.0, 1093.3477900635262, 0.0, 0.0, 1921.098388671875, 570.7289748597468, 0.0, 0.0, 0.0, 1.0, 0.0]
binning_x: 0
binning_y: 0
roi: 
  x_offset: 0
  y_offset: 0
  height: 0
  width: 0
  do_rectify: False